-1 ; -0.0200567
-0.996835 ; 0.138534
-0.993671 ; 0.297878
-0.990506 ; 0.457752
-0.987342 ; 0.617938
-0.984177 ; 0.778213
-0.981013 ; 0.938358
-0.977848 ; 1.09815
-0.974684 ; 1.25738
-0.971519 ; 1.41581
-0.968354 ; 1.57323
-0.96519 ; 1.72942
-0.962025 ; 1.88417
-0.958861 ; 2.03725
-0.955696 ; 2.18846
-0.952532 ; 2.33758
-0.949367 ; 2.4844
-0.946203 ; 2.62871
-0.943038 ; 2.77032
-0.939873 ; 2.90901
-0.936709 ; 3.04459
-0.933544 ; 3.17687
-0.93038 ; 3.30565
-0.927215 ; 3.43075
-0.924051 ; 3.55199
-0.920886 ; 3.66919
-0.917722 ; 3.78217
-0.914557 ; 3.89079
-0.911392 ; 3.99487
-0.908228 ; 4.09425
-0.905063 ; 4.18881
-0.901899 ; 4.27838
-0.898734 ; 4.36284
-0.89557 ; 4.44206
-0.892405 ; 4.51592
-0.889241 ; 4.5843
-0.886076 ; 4.64711
-0.882911 ; 4.70424
-0.879747 ; 4.7556
-0.876582 ; 4.80111
-0.873418 ; 4.8407
-0.870253 ; 4.8743
-0.867089 ; 4.90185
-0.863924 ; 4.92331
-0.860759 ; 4.93863
-0.857595 ; 4.94779
-0.85443 ; 4.95075
-0.851266 ; 4.94751
-0.848101 ; 4.93806
-0.844937 ; 4.9224
-0.841772 ; 4.90055
-0.838608 ; 4.87252
-0.835443 ; 4.83835
-0.832278 ; 4.79807
-0.829114 ; 4.75173
-0.825949 ; 4.69938
-0.822785 ; 4.64109
-0.81962 ; 4.57694
-0.816456 ; 4.50699
-0.813291 ; 4.43135
-0.810127 ; 4.3501
-0.806962 ; 4.26335
-0.803797 ; 4.17122
-0.800633 ; 4.07383
-0.797468 ; 3.97129
-0.794304 ; 3.86375
-0.791139 ; 3.75136
-0.787975 ; 3.63425
-0.78481 ; 3.51258
-0.781646 ; 3.38652
-0.778481 ; 3.25623
-0.775316 ; 3.12189
-0.772152 ; 2.98368
-0.768987 ; 2.84178
-0.765823 ; 2.69638
-0.762658 ; 2.54768
-0.759494 ; 2.39588
-0.756329 ; 2.24117
-0.753165 ; 2.08378
-0.75 ; 1.92391
-0.746835 ; 1.76178
-0.743671 ; 1.59759
-0.740506 ; 1.43158
-0.737342 ; 1.26397
-0.734177 ; 1.09499
-0.731013 ; 0.924845
-0.727848 ; 0.753783
-0.724684 ; 0.582027
-0.721519 ; 0.409808
-0.718354 ; 0.237355
-0.71519 ; 0.0648988
-0.712025 ; -0.10733
-0.708861 ; -0.279103
-0.705696 ; -0.450192
-0.702532 ; -0.620368
-0.699367 ; -0.789408
-0.696203 ; -0.957088
-0.693038 ; -1.12319
-0.689873 ; -1.28749
-0.686709 ; -1.44977
-0.683544 ; -1.60983
-0.68038 ; -1.76745
-0.677215 ; -1.92243
-0.674051 ; -2.07457
-0.670886 ; -2.22367
-0.667722 ; -2.36954
-0.664557 ; -2.512
-0.661392 ; -2.65087
-0.658228 ; -2.78596
-0.655063 ; -2.91712
-0.651899 ; -3.04417
-0.648734 ; -3.16695
-0.64557 ; -3.28533
-0.642405 ; -3.39915
-0.639241 ; -3.50828
-0.636076 ; -3.61258
-0.632911 ; -3.71194
-0.629747 ; -3.80624
-0.626582 ; -3.89537
-0.623418 ; -3.97923
-0.620253 ; -4.05772
-0.617089 ; -4.13077
-0.613924 ; -4.1983
-0.610759 ; -4.26024
-0.607595 ; -4.31653
-0.60443 ; -4.36712
-0.601266 ; -4.41196
-0.598101 ; -4.45102
-0.594937 ; -4.48427
-0.591772 ; -4.5117
-0.588608 ; -4.5333
-0.585443 ; -4.54906
-0.582278 ; -4.559
-0.579114 ; -4.56312
-0.575949 ; -4.56145
-0.572785 ; -4.55403
-0.56962 ; -4.54089
-0.566456 ; -4.52209
-0.563291 ; -4.49767
-0.560127 ; -4.46771
-0.556962 ; -4.43227
-0.553797 ; -4.39143
-0.550633 ; -4.34529
-0.547468 ; -4.29393
-0.544304 ; -4.23745
-0.541139 ; -4.17597
-0.537975 ; -4.1096
-0.53481 ; -4.03846
-0.531646 ; -3.96268
-0.528481 ; -3.88238
-0.525316 ; -3.79772
-0.522152 ; -3.70884
-0.518987 ; -3.61588
-0.515823 ; -3.519
-0.512658 ; -3.41837
-0.509494 ; -3.31414
-0.506329 ; -3.20649
-0.503165 ; -3.09559
-0.5 ; -2.98162
-0.496835 ; -2.86475
-0.493671 ; -2.74518
-0.490506 ; -2.62309
-0.487342 ; -2.49866
-0.484177 ; -2.37209
-0.481013 ; -2.24357
-0.477848 ; -2.1133
-0.474684 ; -1.98147
-0.471519 ; -1.84828
-0.468354 ; -1.71393
-0.46519 ; -1.57861
-0.462025 ; -1.44253
-0.458861 ; -1.30588
-0.455696 ; -1.16885
-0.452532 ; -1.03166
-0.449367 ; -0.894485
-0.446203 ; -0.757527
-0.443038 ; -0.620976
-0.439873 ; -0.485024
-0.436709 ; -0.349856
-0.433544 ; -0.21566
-0.43038 ; -0.0826165
-0.427215 ; 0.0490949
-0.424051 ; 0.179299
-0.420886 ; 0.307823
-0.417722 ; 0.434499
-0.414557 ; 0.559165
-0.411392 ; 0.681659
-0.408228 ; 0.801829
-0.405063 ; 0.919523
-0.401899 ; 1.0346
-0.398734 ; 1.14691
-0.39557 ; 1.25634
-0.392405 ; 1.36274
-0.389241 ; 1.466
-0.386076 ; 1.56599
-0.382911 ; 1.66262
-0.379747 ; 1.75578
-0.376582 ; 1.84536
-0.373418 ; 1.93128
-0.370253 ; 2.01345
-0.367089 ; 2.0918
-0.363924 ; 2.16625
-0.360759 ; 2.23675
-0.357595 ; 2.30322
-0.35443 ; 2.36563
-0.351266 ; 2.42393
-0.348101 ; 2.47809
-0.344937 ; 2.52807
-0.341772 ; 2.57386
-0.338608 ; 2.61543
-0.335443 ; 2.65278
-0.332278 ; 2.68592
-0.329114 ; 2.71484
-0.325949 ; 2.73956
-0.322785 ; 2.7601
-0.31962 ; 2.77649
-0.316456 ; 2.78875
-0.313291 ; 2.79694
-0.310127 ; 2.80108
-0.306962 ; 2.80124
-0.303797 ; 2.79748
-0.300633 ; 2.78986
-0.297468 ; 2.77844
-0.294304 ; 2.76331
-0.291139 ; 2.74455
-0.287975 ; 2.72224
-0.28481 ; 2.69647
-0.281646 ; 2.66734
-0.278481 ; 2.63496
-0.275316 ; 2.59942
-0.272152 ; 2.56085
-0.268987 ; 2.51934
-0.265823 ; 2.47503
-0.262658 ; 2.42802
-0.259494 ; 2.37846
-0.256329 ; 2.32646
-0.253165 ; 2.27215
-0.25 ; 2.21567
-0.246835 ; 2.15716
-0.243671 ; 2.09675
-0.240506 ; 2.03458
-0.237342 ; 1.9708
-0.234177 ; 1.90553
-0.231013 ; 1.83894
-0.227848 ; 1.77116
-0.224684 ; 1.70234
-0.221519 ; 1.63262
-0.218354 ; 1.56214
-0.21519 ; 1.49106
-0.212025 ; 1.4195
-0.208861 ; 1.34763
-0.205696 ; 1.27557
-0.202532 ; 1.20347
-0.199367 ; 1.13147
-0.196203 ; 1.0597
-0.193038 ; 0.9883
-0.189873 ; 0.917398
-0.186709 ; 0.847126
-0.183544 ; 0.77761
-0.18038 ; 0.708973
-0.177215 ; 0.641337
-0.174051 ; 0.574817
-0.170886 ; 0.509528
-0.167722 ; 0.445578
-0.164557 ; 0.383072
-0.161392 ; 0.322112
-0.158228 ; 0.262795
-0.155063 ; 0.205211
-0.151899 ; 0.14945
-0.148734 ; 0.0955927
-0.14557 ; 0.0437173
-0.142405 ; -0.00610362
-0.139241 ; -0.053803
-0.136076 ; -0.0993187
-0.132911 ; -0.142594
-0.129747 ; -0.183579
-0.126582 ; -0.222226
-0.123418 ; -0.258497
-0.120253 ; -0.292356
-0.117089 ; -0.323776
-0.113924 ; -0.352733
-0.110759 ; -0.37921
-0.107595 ; -0.403196
-0.10443 ; -0.424684
-0.101266 ; -0.443675
-0.0981013 ; -0.460175
-0.0949367 ; -0.474194
-0.0917722 ; -0.485749
-0.0886076 ; -0.494863
-0.085443 ; -0.501563
-0.0822785 ; -0.505883
-0.0791139 ; -0.507861
-0.0759494 ; -0.50754
-0.0727848 ; -0.504969
-0.0696203 ; -0.500202
-0.0664557 ; -0.493297
-0.0632911 ; -0.484317
-0.0601266 ; -0.473329
-0.056962 ; -0.460406
-0.0537975 ; -0.445624
-0.0506329 ; -0.429062
-0.0474684 ; -0.410804
-0.0443038 ; -0.390939
-0.0411392 ; -0.369557
-0.0379747 ; -0.346753
-0.0348101 ; -0.322624
-0.0316456 ; -0.29727
-0.028481 ; -0.270794
-0.0253165 ; -0.243301
-0.0221519 ; -0.2149
-0.0189873 ; -0.185698
-0.0158228 ; -0.155807
-0.0126582 ; -0.125341
-0.00949367 ; -0.0944115
-0.00632911 ; -0.0631346
-0.00316456 ; -0.0316254
3.62991e-15 ; 3.65052e-14
0.00316456 ; 0.0316254
0.00632911 ; 0.0631346
0.00949367 ; 0.0944115
0.0126582 ; 0.125341
0.0158228 ; 0.155807
0.0189873 ; 0.185698
0.0221519 ; 0.2149
0.0253165 ; 0.243301
0.028481 ; 0.270794
0.0316456 ; 0.29727
0.0348101 ; 0.322624
0.0379747 ; 0.346753
0.0411392 ; 0.369557
0.0443038 ; 0.390939
0.0474684 ; 0.410804
0.0506329 ; 0.429062
0.0537975 ; 0.445624
0.056962 ; 0.460406
0.0601266 ; 0.473329
0.0632911 ; 0.484317
0.0664557 ; 0.493297
0.0696203 ; 0.500202
0.0727848 ; 0.504969
0.0759494 ; 0.50754
0.0791139 ; 0.507861
0.0822785 ; 0.505883
0.085443 ; 0.501563
0.0886076 ; 0.494863
0.0917722 ; 0.485749
0.0949367 ; 0.474194
0.0981013 ; 0.460175
0.101266 ; 0.443675
0.10443 ; 0.424684
0.107595 ; 0.403196
0.110759 ; 0.37921
0.113924 ; 0.352733
0.117089 ; 0.323776
0.120253 ; 0.292356
0.123418 ; 0.258497
0.126582 ; 0.222226
0.129747 ; 0.183579
0.132911 ; 0.142594
0.136076 ; 0.0993187
0.139241 ; 0.053803
0.142405 ; 0.00610362
0.14557 ; -0.0437173
0.148734 ; -0.0955927
0.151899 ; -0.14945
0.155063 ; -0.205211
0.158228 ; -0.262795
0.161392 ; -0.322112
0.164557 ; -0.383072
0.167722 ; -0.445578
0.170886 ; -0.509528
0.174051 ; -0.574817
0.177215 ; -0.641337
0.18038 ; -0.708973
0.183544 ; -0.77761
0.186709 ; -0.847126
0.189873 ; -0.917398
0.193038 ; -0.9883
0.196203 ; -1.0597
0.199367 ; -1.13147
0.202532 ; -1.20347
0.205696 ; -1.27557
0.208861 ; -1.34763
0.212025 ; -1.4195
0.21519 ; -1.49106
0.218354 ; -1.56214
0.221519 ; -1.63262
0.224684 ; -1.70234
0.227848 ; -1.77116
0.231013 ; -1.83894
0.234177 ; -1.90553
0.237342 ; -1.9708
0.240506 ; -2.03458
0.243671 ; -2.09675
0.246835 ; -2.15716
0.25 ; -2.21567
0.253165 ; -2.27215
0.256329 ; -2.32646
0.259494 ; -2.37846
0.262658 ; -2.42802
0.265823 ; -2.47503
0.268987 ; -2.51934
0.272152 ; -2.56085
0.275316 ; -2.59942
0.278481 ; -2.63496
0.281646 ; -2.66734
0.28481 ; -2.69647
0.287975 ; -2.72224
0.291139 ; -2.74455
0.294304 ; -2.76331
0.297468 ; -2.77844
0.300633 ; -2.78986
0.303797 ; -2.79748
0.306962 ; -2.80124
0.310127 ; -2.80108
0.313291 ; -2.79694
0.316456 ; -2.78875
0.31962 ; -2.77649
0.322785 ; -2.7601
0.325949 ; -2.73956
0.329114 ; -2.71484
0.332278 ; -2.68592
0.335443 ; -2.65278
0.338608 ; -2.61543
0.341772 ; -2.57386
0.344937 ; -2.52807
0.348101 ; -2.47809
0.351266 ; -2.42393
0.35443 ; -2.36563
0.357595 ; -2.30322
0.360759 ; -2.23675
0.363924 ; -2.16625
0.367089 ; -2.0918
0.370253 ; -2.01345
0.373418 ; -1.93128
0.376582 ; -1.84536
0.379747 ; -1.75578
0.382911 ; -1.66262
0.386076 ; -1.56599
0.389241 ; -1.466
0.392405 ; -1.36274
0.39557 ; -1.25634
0.398734 ; -1.14691
0.401899 ; -1.0346
0.405063 ; -0.919523
0.408228 ; -0.801829
0.411392 ; -0.681659
0.414557 ; -0.559165
0.417722 ; -0.434499
0.420886 ; -0.307823
0.424051 ; -0.179299
0.427215 ; -0.0490949
0.43038 ; 0.0826165
0.433544 ; 0.21566
0.436709 ; 0.349856
0.439873 ; 0.485024
0.443038 ; 0.620976
0.446203 ; 0.757527
0.449367 ; 0.894485
0.452532 ; 1.03166
0.455696 ; 1.16885
0.458861 ; 1.30588
0.462025 ; 1.44253
0.46519 ; 1.57861
0.468354 ; 1.71393
0.471519 ; 1.84828
0.474684 ; 1.98147
0.477848 ; 2.1133
0.481013 ; 2.24357
0.484177 ; 2.37209
0.487342 ; 2.49866
0.490506 ; 2.62309
0.493671 ; 2.74518
0.496835 ; 2.86475
0.5 ; 2.98162
0.503165 ; 3.09559
0.506329 ; 3.20649
0.509494 ; 3.31414
0.512658 ; 3.41837
0.515823 ; 3.519
0.518987 ; 3.61588
0.522152 ; 3.70884
0.525316 ; 3.79772
0.528481 ; 3.88238
0.531646 ; 3.96268
0.53481 ; 4.03846
0.537975 ; 4.1096
0.541139 ; 4.17597
0.544304 ; 4.23745
0.547468 ; 4.29393
0.550633 ; 4.34529
0.553797 ; 4.39143
0.556962 ; 4.43227
0.560127 ; 4.46771
0.563291 ; 4.49767
0.566456 ; 4.52209
0.56962 ; 4.54089
0.572785 ; 4.55403
0.575949 ; 4.56145
0.579114 ; 4.56312
0.582278 ; 4.559
0.585443 ; 4.54906
0.588608 ; 4.5333
0.591772 ; 4.5117
0.594937 ; 4.48427
0.598101 ; 4.45102
0.601266 ; 4.41196
0.60443 ; 4.36712
0.607595 ; 4.31653
0.610759 ; 4.26024
0.613924 ; 4.1983
0.617089 ; 4.13077
0.620253 ; 4.05772
0.623418 ; 3.97923
0.626582 ; 3.89537
0.629747 ; 3.80624
0.632911 ; 3.71194
0.636076 ; 3.61258
0.639241 ; 3.50828
0.642405 ; 3.39915
0.64557 ; 3.28533
0.648734 ; 3.16695
0.651899 ; 3.04417
0.655063 ; 2.91712
0.658228 ; 2.78596
0.661392 ; 2.65087
0.664557 ; 2.512
0.667722 ; 2.36954
0.670886 ; 2.22367
0.674051 ; 2.07457
0.677215 ; 1.92243
0.68038 ; 1.76745
0.683544 ; 1.60983
0.686709 ; 1.44977
0.689873 ; 1.28749
0.693038 ; 1.12319
0.696203 ; 0.957088
0.699367 ; 0.789408
0.702532 ; 0.620368
0.705696 ; 0.450192
0.708861 ; 0.279103
0.712025 ; 0.10733
0.71519 ; -0.0648988
0.718354 ; -0.237355
0.721519 ; -0.409808
0.724684 ; -0.582027
0.727848 ; -0.753783
0.731013 ; -0.924845
0.734177 ; -1.09499
0.737342 ; -1.26397
0.740506 ; -1.43158
0.743671 ; -1.59759
0.746835 ; -1.76178
0.75 ; -1.92391
0.753165 ; -2.08378
0.756329 ; -2.24117
0.759494 ; -2.39588
0.762658 ; -2.54768
0.765823 ; -2.69638
0.768987 ; -2.84178
0.772152 ; -2.98368
0.775316 ; -3.12189
0.778481 ; -3.25623
0.781646 ; -3.38652
0.78481 ; -3.51258
0.787975 ; -3.63425
0.791139 ; -3.75136
0.794304 ; -3.86375
0.797468 ; -3.97129
0.800633 ; -4.07383
0.803797 ; -4.17122
0.806962 ; -4.26335
0.810127 ; -4.3501
0.813291 ; -4.43135
0.816456 ; -4.50699
0.81962 ; -4.57694
0.822785 ; -4.64109
0.825949 ; -4.69938
0.829114 ; -4.75173
0.832278 ; -4.79807
0.835443 ; -4.83835
0.838608 ; -4.87252
0.841772 ; -4.90055
0.844937 ; -4.9224
0.848101 ; -4.93806
0.851266 ; -4.94751
0.85443 ; -4.95075
0.857595 ; -4.94779
0.860759 ; -4.93863
0.863924 ; -4.92331
0.867089 ; -4.90185
0.870253 ; -4.8743
0.873418 ; -4.8407
0.876582 ; -4.80111
0.879747 ; -4.7556
0.882911 ; -4.70424
0.886076 ; -4.64711
0.889241 ; -4.5843
0.892405 ; -4.51592
0.89557 ; -4.44206
0.898734 ; -4.36284
0.901899 ; -4.27838
0.905063 ; -4.18881
0.908228 ; -4.09425
0.911392 ; -3.99487
0.914557 ; -3.89079
0.917722 ; -3.78217
0.920886 ; -3.66919
0.924051 ; -3.55199
0.927215 ; -3.43075
0.93038 ; -3.30565
0.933544 ; -3.17687
0.936709 ; -3.04459
0.939873 ; -2.90901
0.943038 ; -2.77032
0.946203 ; -2.62871
0.949367 ; -2.4844
0.952532 ; -2.33758
0.955696 ; -2.18846
0.958861 ; -2.03725
0.962025 ; -1.88417
0.96519 ; -1.72942
0.968354 ; -1.57323
0.971519 ; -1.41581
0.974684 ; -1.25738
0.977848 ; -1.09815
0.981013 ; -0.938358
0.984177 ; -0.778213
0.987342 ; -0.617938
0.990506 ; -0.457752
0.993671 ; -0.297878
0.996835 ; -0.138534
1 ; 0.0200567
